2.91443	
2.88391	
3.35693	
3.0365	
2.13623	
0.579834	
-0.228882	
0.427246	
2.0752	
2.7771	
2.19727	
0.274658	
-1.57166	
-1.96838	
-0.656128	
1.11389	
2.56348	
2.34985	
1.35803	
0.396729	
0.259399	
0.320435	
-0.244141	
-1.8158	
-3.75366	
-5.56946	
-6.24084	
-5.93567	
-5.20325	
-4.91333	
-5.14221	
-5.96619	
-5.78308	
-4.30298	
-2.15149	
-0.305176	
1.19019	
1.54114	
1.31226	
0.274658	
-1.12915	
-3.05176	
-4.40979	
-5.02014	
-4.62341	
-4.36401	
-3.95203	
-3.46375	
-2.47192	
-2.02942	
-1.84631	
-2.5177	
-2.83813	
-2.60925	
-0.930786	
0.701904	
2.19727	
2.91443	
2.38037	
1.64795	
0.778198	
0.152588	
0.610352	
0.991821	
2.19727	
2.71606	
2.42615	
1.40381	
0.854492	
0.152588	
0.0457764	
0.549316	
1.51062	
2.47192	
2.10571	
0.0305176	
-2.12097	
-3.32642	
-1.89209	
0.762939	
3.37219	
4.08936	
2.86865	
0.701904	
-0.534058	
-1.12915	
-0.167847	
1.0376	
2.0752	
1.8158	
0.808716	
-1.09863	
-1.93787	
-1.66321	
0.137329	
3.18909	
6.42395	
7.84302	
8.05664	
6.57654	
5.21851	
3.89099	
3.75366	
4.18091	
5.31006	
6.40869	
6.7749	
5.58472	
3.87573	
1.96838	
0.366211	
-0.442505	
-0.610352	
-0.656128	
-0.274658	
-0.0457764	
0.228882	
0.427246	
0.717163	
1.05286	
2.24304	
3.2959	
3.17383	
2.19727	
0.869751	
-0.579834	
-0.915527	
-0.762939	
0.473022	
1.9989	
3.31116	
4.0741	
4.47083	
4.13513	
3.8147	
3.78418	
4.39453	
5.15747	
5.78308	
5.05066	
3.35693	
1.2207	
-0.946045	
-2.68555	
-4.0741	
-4.73022	
-4.73022	
-3.75366	
-2.94495	
-2.56348	
-2.56348	
-2.2583	
-0.793457	
0.976562	
2.53296	
2.79236	
1.90735	
-0.747681	
-3.31116	
-4.91333	
-5.24902	
-3.61633	
-1.2207	
1.37329	
3.57056	
4.69971	
4.91333	
4.63867	
3.89099	
3.41797	
3.37219	
3.57056	
4.22668	
4.68445	
4.63867	
4.19617	
4.04358	
3.11279	
2.27356	
2.70081	
4.79126	
8.56018	
10.8337	
9.82666	
6.83594	
3.40271	
2.27356	
2.5177	
3.41797	
3.05176	
1.64795	
0.610352	
0.305176	
0.656128	
0.88501	
1.25122	
1.64795	
0.946045	
-0.62561	
-2.79236	
-5.31006	
-6.95801	
-7.1106	
-7.27844	
-6.22559	
-5.38635	
-5.64575	
-6.30188	
-6.83594	
-6.83594	
-4.88281	
-2.0752	
0.869751	
2.10571	
1.83105	
-0.457764	
-2.31934	
-3.26538	
-2.54822	
-1.40381	
0.167847	
1.66321	
3.17383	
3.79944	
3.0365	
0.564575	
-2.04468	
-3.23486	
-2.18201	
0.0152588	
2.54822	
4.34875	
6.5155	
7.85828	
9.14001	
9.6283	
10.376	
11.2	
11.7187	
11.5509	
11.4746	
10.91	
10.1776	
8.66699	
6.04248	
1.78528	
-2.18201	
-4.83704	
-5.18799	
-4.02832	
-1.98364	
-0.305176	
0.915527	
0.534058	
-0.396729	
-1.84631	
-2.39563	
-2.76184	
-2.38037	
-1.9989	
-1.83105	
-1.78528	
-1.64795	
-1.58691	
-0.976562	
-0.488281	
-0.671387	
-2.28882	
-4.19617	
-6.073	
-7.62939	
-8.48389	
-7.1106	
-5.31006	
-3.7384	
-3.43323	
-4.83704	
-7.1106	
-7.61414	
-6.75964	
-4.60815	
-2.63977	
-2.13623	
-2.97546	
-3.98254	
-5.49316	
-5.98145	
-5.21851	
-4.01306	
-2.2583	
-1.54114	
-2.53296	
-3.26538	
-3.70789	
-3.96729	
-4.5929	
-5.78308	
-6.89697	
-6.5155	
-6.05774	
-5.26428	
-5.37109	
-6.073	
-7.08008	
-7.00378	
-6.95801	
-5.76782	
-4.10461	
-2.50244	
-1.7395	
-1.86157	
-2.45667	
-2.86865	
-2.34985	
-1.08337	
-0.534058	
0.457764	
0.579834	
0.457764	
-0.0610352	
-0.747681	
-1.77002	
-1.93787	
-1.69373	
-0.717163	
0.762939	
2.15149	
2.34985	
2.60925	
1.7395	
0.411987	
-1.12915	
-2.18201	
-2.67029	
-2.38037	
-2.39563	
-2.05994	
-1.90735	
-1.89209	
-1.90735	
-0.62561	
0.549316	
2.05994	
2.91443	
3.32642	
3.11279	
3.20435	
3.76892	
4.57764	
5.50842	
6.5155	
6.28662	
5.75256	
4.60815	
3.52478	
2.45667	
2.04468	
1.37329	
0.915527	
0.564575	
0.732422	
1.06812	
1.25122	
0.198364	
-1.46484	
-3.49426	
-4.13513	
-3.67737	
-2.67029	
-1.95312	
-1.95312	
-2.15149	
-1.23596	
-0.549316	
0.137329	
0.518799	
1.25122	
2.83813	
4.54712	
5.47791	
5.7373	
5.40161	
4.98962	
4.95911	
5.58472	
6.48499	
7.88879	
8.5907	
8.81958	
8.255	
7.52258	
7.15637	
8.08716	
8.75854	
9.27734	
8.63647	
7.23267	
5.84412	
4.28772	
2.57874	
1.06812	
-1.2207	
-3.0365	
-4.34875	
-4.63867	
-4.10461	
-3.26538	
-2.45667	
-1.34277	
-0.88501	
-0.0610352	
0.167847	
-0.137329	
-0.930786	
-1.26648	
-1.14441	
0.152588	
1.61743	
2.36511	
2.50244	
3.0365	
3.82996	
5.69153	
7.52258	
8.28552	
7.20215	
4.01306	
-0.0610352	
-3.50952	
-5.38635	
-5.18799	
-4.2572	
-2.79236	
-1.60217	
-1.2207	
-1.80054	
-1.93787	
-2.28882	
-1.8158	
-0.839233	
0.366211	
1.26648	
1.9989	
2.79236	
4.34875	
6.10352	
8.30078	
8.98743	
8.52966	
7.72095	
7.0343	
7.52258	
8.36182	
8.11768	
7.33948	
6.45447	
6.2561	
6.42395	
6.5918	
6.22559	
5.8136	
5.96619	
6.05774	
6.10352	
5.76782	
5.24902	
4.69971	
4.83704	
6.31714	
8.40759	
10.3912	
11.4288	
11.7798	
11.5662	
11.1237	
10.6354	
10.4218	
9.552	
9.0332	
7.96509	
6.63757	
5.00488	
3.72314	
2.82288	
3.00598	
3.90625	
5.18799	
6.2561	
7.00378	
6.60706	
5.63049	
4.15039	
3.31116	
3.38745	
4.30298	
5.46265	
7.17163	
8.0719	
8.81958	
7.61414	
6.01196	
4.01306	
2.97546	
2.71606	
3.44849	
4.18091	
4.95911	
5.23376	
5.05066	
4.42505	
3.82996	
2.73132	
1.96838	
0.656128	
-0.640869	
-1.46484	
-1.17493	
-0.762939	
-0.152588	
-0.411987	
-0.656128	
-0.579834	
0.320435	
1.25122	
1.87683	
1.98364	
1.84631	
1.15967	
0.137329	
-1.28174	
-2.39563	
-2.44141	
-0.900269	
0.671387	
1.28174	
0.976562	
0.915527	
1.58691	
3.26538	
5.40161	
7.20215	
7.01904	
5.40161	
2.73132	
-0.274658	
-2.16675	
-2.73132	
-2.85339	
-1.90735	
-0.50354	
1.35803	
2.76184	
3.72314	
2.91443	
1.02234	
0.106812	
1.00708	
2.22778	
3.52478	
4.18091	
3.14331	
1.43433	
-0.62561	
-2.48718	
-3.78418	
-4.05884	
-2.91443	
-0.717163	
1.44958	
2.73132	
2.60925	
1.64795	
0.259399	
-0.0152588	
0.137329	
0.549316	
1.72424	
2.09045	
2.38037	
2.71606	
3.02124	
2.83813	
1.96838	
1.0376	
0.946045	
1.63269	
3.05176	
4.0741	
4.71497	
3.7384	
2.10571	
-0.549316	
-3.0365	
-3.87573	
-2.60925	
-0.778198	
1.78528	
3.37219	
4.54712	
5.0354	
5.35583	
5.34058	
4.47083	
3.18909	
2.38037	
1.02234	
-0.442505	
-2.68555	
-4.5166	
-5.2948	
-3.79944	
-1.63269	
-0.0762939	
-0.579834	
-2.22778	
-4.34875	
-5.43213	
-5.50842	
-4.28772	
-2.41089	
0.366211	
2.19727	
3.50952	
3.58582	
3.78418	
3.66211	
3.18909	
1.84631	
0.946045	
0.686646	
1.26648	
1.32751	
1.4801	
0.686646	
-0.228882	
-1.2207	
-2.01416	
-2.24304	
-1.35803	
0.198364	
2.05994	
3.40271	
4.10461	
3.26538	
2.04468	
0.228882	
-0.88501	
-1.34277	
-0.778198	
-0.0152588	
0.457764	
-0.289917	
-0.869751	
-1.52588	
-1.297	
-0.534058	
0.0610352	
0.259399	
0.762939	
2.24304	
4.21143	
6.10352	
6.89697	
6.02722	
4.95911	
3.40271	
1.61743	
0.0152588	
-1.2207	
-1.67847	
-1.69373	
-2.10571	
-2.48718	
-2.59399	
-2.94495	
-3.46375	
-3.95203	
-4.45557	
-3.75366	
-2.59399	
-0.808716	
0.411987	
1.17493	
1.09863	
1.31226	
2.2583	
3.2959	
3.9978	
4.48608	
3.96729	
3.17383	
2.85339	
2.38037	
0.839233	
-1.31226	
-3.92151	
-5.63049	
-5.79834	
-5.02014	
-4.30298	
-3.66211	
-3.8147	
-3.84521	
-4.15039	
-4.22668	
-4.27246	
-3.38745	
-2.39563	
-0.610352	
2.12097	
4.36401	
4.63867	
3.09753	
0.106812	
-1.75476	
-1.54114	
0.671387	
2.74658	
3.43323	
2.45667	
2.45667	
3.37219	
5.85937	
8.05664	
8.60596	
7.37	
5.69153	
4.15039	
2.59399	
0.442505	
-2.28882	
-5.5542	
-6.97327	
-6.8512	
-5.27954	
-4.11987	
-3.84521	
-3.49426	
-2.41089	
0	
2.60925	
3.78418	
3.14331	
1.00708	
-0.656128	
-1.89209	
-1.34277	
-0.167847	
1.63269	
2.88391	
3.11279	
2.63977	
2.05994	
1.70898	
2.44141	
3.34167	
4.63867	
5.47791	
6.22559	
6.39343	
7.30896	
8.04138	
8.7738	
8.91113	
8.0719	
6.10352	
3.76892	
1.63269	
0.564575	
0.183105	
0.808716	
1.60217	
2.27356	
2.73132	
3.05176	
3.02124	
4.36401	
6.27136	
8.49915	
9.78088	
10.2386	
10.6354	
11.322	
11.8866	
12.0087	
11.8256	
11.0626	
10.1166	
9.97925	
9.2926	
8.91113	
8.36182	
7.96509	
7.17163	
5.93567	
4.10461	
2.16675	
0.350952	
-0.0305176	
0.213623	
1.80054	
3.14331	
3.79944	
4.47083	
5.11169	
5.34058	
5.5542	
5.43213	
4.28772	
2.16675	
-1.32751	
-4.94385	
-6.75964	
-6.40869	
-5.50842	
-4.31824	
-3.17383	
-2.18201	
-0.137329	
0.854492	
1.49536	
1.54114	
0.900269	
0.946045	
1.77002	
2.94495	
4.24194	
4.30298	
3.0365	
0.732422	
-0.930786	
-1.80054	
-0.930786	
0.808716	
2.88391	
4.66919	
5.5542	
6.01196	
6.16455	
6.34766	
6.42395	
6.2561	
5.67627	
4.88281	
4.74548	
4.39453	
3.63159	
2.44141	
1.23596	
0.289917	
0.900269	
1.46484	
2.10571	
2.12097	
1.67847	
1.54114	
2.62451	
4.10461	
5.0354	
4.57764	
4.2572	
3.64685	
3.87573	
4.18091	
4.13513	
3.2196	
3.11279	
3.7384	
4.91333	
6.04248	
7.08008	
6.8512	
5.7373	
4.21143	
2.65503	
0.991821	
0.747681	
1.297	
2.67029	
3.95203	
4.83704	
4.76074	
4.42505	
3.60107	
2.96021	
1.70898	
0.732422	
-0.259399	
-0.411987	
0.823975	
1.86157	
2.60925	
3.18909	
2.68555	
1.58691	
0.0305176	
-1.57166	
-1.90735	
-0.823975	
0.808716	
2.70081	
3.82996	
4.79126	
5.15747	
5.58472	
5.96619	
5.8136	
5.00488	
3.67737	
1.58691	
0.198364	
-0.167847	
1.08337	
2.36511	
3.18909	
3.7384	
4.40979	
5.41687	
6.7749	
7.09534	
6.14929	
4.36401	
2.31934	
1.00708	
0.869751	
2.19727	
3.70789	
5.15747	
5.59998	
4.34875	
3.00598	
1.5564	
1.78528	
2.36511	
2.56348	
1.83105	
0.839233	
-0.106812	
-0.366211	
-0.915527	
-0.961304	
-1.0376	
-0.0305176	
0.62561	
1.93787	
3.61633	
5.00488	
5.32532	
4.28772	
1.9989	
0.961304	
0.88501	
1.52588	
1.49536	
1.05286	
0.457764	
0.930786	
1.7395	
1.95312	
0.946045	
0.518799	
0.228882	
0.976562	
1.80054	
2.13623	
2.12097	
2.41089	
1.9989	
2.18201	
2.60925	
3.05176	
3.52478	
4.37927	
4.5166	
4.82178	
3.5553	
1.8158	
-0.0152588	
-1.40381	
-2.02942	
-1.49536	
-0.579834	
0.991821	
2.59399	
3.87573	
4.56238	
4.88281	
4.71497	
4.39453	
3.34167	
2.56348	
2.05994	
2.13623	
1.63269	
0.473022	
-1.06812	
-1.28174	
-1.08337	
-0.0152588	
0.488281	
0.320435	
0.595093	
1.63269	
1.83105	
1.70898	
1.72424	
2.27356	
4.5166	
7.35474	
8.95691	
8.31604	
5.41687	
2.0752	
-1.40381	
-3.7384	
-5.0354	
-4.82178	
-3.72314	
-1.5564	
0.228882	
1.95312	
3.2196	
4.37927	
4.95911	
4.30298	
1.34277	
-3.15857	
-8.13293	
-11.1389	
-11.2	
-8.88062	
-5.63049	
-2.54822	
-0.930786	
-0.671387	
-2.13623	
-4.68445	
-7.14111	
-8.22449	
-7.8125	
-5.12695	
-2.31934	
-0.274658	
-0.778198	
-3.06702	
-5.61523	
-7.14111	
-6.43921	
-3.84521	
-1.49536	
-0.442505	
-1.54114	
-4.04358	
-6.60706	
-8.04138	
-7.69043	
-6.02722	
-4.34875	
-3.49426	
-3.95203	
-5.79834	
-8.17871	
-9.68933	
-10.6812	
-9.99451	
-6.86646	
-2.09045	
3.05176	
6.69861	
7.56836	
6.62231	
4.47083	
2.53296	
0.595093	
0.488281	
1.63269	
3.89099	
5.41687	
5.20325	
4.42505	
3.28064	
1.57166	
-0.717163	
-3.7384	
-5.26428	
-4.83704	
-3.18909	
-1.92261	
-1.89209	
-2.56348	
-2.86865	
-2.67029	
-2.10571	
-2.39563	
-3.2196	
-5.72205	
-7.79724	
-10.1624	
-11.3525	
-11.7187	
-10.2539	
-7.84302	
-5.53894	
-3.41797	
-1.41907	
0.0762939	
-0.106812	
-1.72424	
-3.79944	
-5.11169	
-3.95203	
-2.18201	
-0.0457764	
0.823975	
0.518799	
0.274658	
-0.38147	
-1.54114	
-0.823975	
0.610352	
2.79236	
5.26428	
6.073	
4.19617	
0.976562	
-2.85339	
-4.42505	
-3.49426	
-1.67847	
0.991821	
2.47192	
2.30408	
0.518799	
-1.17493	
-3.76892	
-3.54004	
-1.17493	
1.77002	
3.44849	
2.24304	
-0.778198	
-5.0354	
-7.75146	
-7.35474	
-3.02124	
1.61743	
3.84521	
2.65503	
-1.0376	
-2.5177	
-1.84631	
-0.732422	
2.47192	
4.39453	
6.63757	
8.43811	
7.40051	
3.11279	
-0.488281	
-2.10571	
-0.38147	
4.36401	
8.3313	
9.50623	
7.21741	
4.54712	
3.08228	
2.99072	
3.60107	
1.70898	
0.854492	
1.67847	
4.89807	
7.84302	
8.20923	
5.35583	
4.02832	
3.479	
5.24902	
6.48499	
7.76672	
7.30896	
6.91223	
4.88281	
4.19617	
5.58472	
9.68933	
14.9841	
17.5018	
17.9901	
15.1367	
9.91821	
4.56238	
-0.946045	
-3.26538	
-1.93787	
2.18201	
8.72803	
14.6027	
16.7236	
16.5558	
13.6261	
7.91931	
3.00598	
1.15967	
0.595093	
2.45667	
0.930786	
-2.12097	
-2.76184	
-1.93787	
1.51062	
5.8136	
6.50024	
6.66809	
6.72913	
5.90515	
5.63049	
6.94275	
8.40759	
9.61304	
6.97327	
4.76074	
1.64795	
1.95312	
3.89099	
5.75256	
7.08008	
9.56726	
10.6812	
10.2539	
5.88989	
0.854492	
0.915527	
0.198364	
2.92969	
6.53076	
7.26318	
9.06372	
10.4523	
7.94983	
4.31824	
0.228882	
-6.3324	
-8.80432	
-8.5907	
-6.69861	
-2.0752	
2.39563	
3.61633	
5.53894	
-0.213623	
-4.63867	
-7.52258	
-6.08826	
1.09863	
5.37109	
1.05286	
-4.60815	
-9.76562	
-13.5651	
-10.7117	
-13.6871	
-15.7166	
-13.1836	
-9.12476	
-1.38855	
4.89807	
7.76672	
10.9558	
10.9863	
12.4664	
8.27026	
0.686646	
-0.488281	
-1.9989	
-0.793457	
-0.0762939	
-1.67847	
-1.51062	
1.78528	
5.08118	
5.90515	
4.15039	
-0.198364	
0.900269	
1.46484	
4.53186	
7.27844	
7.15637	
8.11768	
5.35583	
4.0741	
1.57166	
1.34277	
-0.778198	
0.442505	
0.0915527	
0.717163	
0.564575	
0.946045	
0.0915527	
0.62561	
2.2583	
1.84631	
2.57874	
3.72314	
3.46375	
5.37109	
3.25012	
4.18091	
3.26538	
3.17383	
1.60217	
1.78528	
1.72424	
0.0305176	
2.13623	
4.86755	
7.33948	
13.4277	
16.1743	
16.8152	
14.3738	
13.916	
14.1602	
14.1296	
13.8092	
11.5662	
8.92639	
6.53076	
2.73132	
1.84631	
2.70081	
3.37219	
3.72314	
2.97546	
-0.534058	
-1.69373	
-0.656128	
1.46484	
4.19617	
7.33948	
6.01196	
5.66101	
6.95801	
9.20105	
12.085	
13.3667	
10.3912	
6.75964	
3.09753	
1.12915	
0.335693	
1.49536	
3.00598	
5.14221	
6.68335	
6.74438	
5.69153	
2.85339	
-0.747681	
-2.63977	
-2.50244	
-1.11389	
0.518799	
1.51062	
1.25122	
1.46484	
2.54822	
3.90625	
5.78308	
6.24084	
5.66101	
3.98254	
1.92261	
1.51062	
1.51062	
1.72424	
0.686646	
-0.869751	
-2.39563	
-2.7771	
-2.18201	
-0.274658	
1.93787	
5.26428	
7.93457	
8.91113	
7.82776	
5.32532	
3.15857	
2.67029	
3.38745	
4.31824	
3.90625	
3.28064	
1.77002	
0.152588	
-1.98364	
-2.94495	
-3.64685	
-2.88391	
-1.32751	
-0.427246	
-0.366211	
-1.05286	
-2.12097	
-2.05994	
-1.11389	
0.534058	
1.52588	
2.44141	
2.28882	
2.22778	
2.34985	
2.97546	
3.35693	
3.67737	
2.80762	
2.18201	
1.5564	
1.86157	
2.70081	
3.79944	
4.95911	
5.5542	
5.64575	
5.53894	
4.63867	
3.02124	
0.518799	
-1.95312	
-3.57056	
-3.12805	
-1.43433	
0.473022	
2.12097	
1.90735	
0.411987	
-2.05994	
-4.69971	
-5.20325	
-4.80652	
-3.18909	
-2.56348	
-1.8158	
-1.44958	
-0.518799	
-0.0457764	
-1.25122	
-4.04358	
-7.06482	
-7.99561	
-7.12585	
-4.85229	
-2.62451	
-1.60217	
-1.67847	
-2.53296	
-2.41089	
-2.04468	
-1.25122	
0.88501	
2.62451	
3.63159	
4.65393	
4.30298	
3.84521	
4.05884	
4.45557	
4.31824	
4.92859	
5.43213	
5.67627	
5.47791	
4.85229	
4.40979	
4.79126	
4.94385	
4.36401	
2.85339	
0.335693	
-1.92261	
-2.53296	
-2.41089	
-1.57166	
-0.686646	
-0.488281	
-0.976562	
-0.411987	
0.152588	
0.152588	
-0.335693	
-0.900269	
-2.15149	
-2.99072	
-4.60815	
-6.073	
-6.8512	
-5.69153	
-3.63159	
-1.92261	
-1.09863	
-0.12207	
0.411987	
0.701904	
0.991821	
0.747681	
0.0762939	
-0.747681	
-2.60925	
-5.06592	
-7.82776	
-8.78906	
-7.93457	
-5.2948	
-1.72424	
1.19019	
1.78528	
0.762939	
-1.67847	
-2.86865	
-2.99072	
-1.00708	
-0.228882	
-1.51062	
-4.86755	
-9.0332	
-11.3678	
-11.5814	
-10.1013	
-8.16345	
-6.63757	
-3.82996	
-1.44958	
2.44141	
5.17273	
4.71497	
2.89917	
-2.54822	
-6.3324	
-9.39941	
-9.91821	
-8.34656	
-6.71387	
-4.97437	
-3.25012	
-1.25122	
0.0610352	
0.671387	
-1.60217	
-5.06592	
-6.97327	
-6.97327	
-4.95911	
-0.0762939	
4.69971	
7.88879	
8.0719	
4.13513	
-3.52478	
-11.2762	
-16.2048	
-16.3422	
-12.0392	
-4.80652	
1.58691	
5.31006	
5.11169	
4.48608	
1.72424	
-0.671387	
-1.86157	
-1.63269	
-0.152588	
1.297	
0.595093	
-3.46375	
-8.8501	
-12.4512	
-11.8103	
-7.96509	
-3.43323	
1.89209	
5.50842	
7.87354	
9.61304	
7.90405	
4.11987	
-0.518799	
-4.10461	
-6.5918	
-7.47681	
-8.16345	
-9.14001	
-8.88062	
-8.89587	
-8.48389	
-7.50732	
-7.21741	
-7.93457	
-8.94165	
-9.56726	
-8.86536	
-3.98254	
1.31226	
3.25012	
1.80054	
-1.38855	
-5.18799	
-7.56836	
-7.93457	
-7.56836	
-4.53186	
-1.66321	
1.54114	
2.88391	
2.53296	
0.839233	
-2.15149	
-5.93567	
-9.07898	
-9.64355	
-6.2561	
-1.2207	
4.19617	
7.1106	
7.2937	
4.88281	
2.15149	
0.167847	
-0.457764	
-0.640869	
0.946045	
2.16675	
3.8147	
3.72314	
3.78418	
0.946045	
-1.77002	
-5.11169	
-7.30896	
-7.41577	
-5.14221	
-1.92261	
2.5177	
4.95911	
5.70679	
3.70789	
2.39563	
1.32751	
1.95312	
3.15857	
4.44031	
5.41687	
6.34766	
4.50134	
2.16675	
-1.60217	
-2.31934	
-1.95312	
-0.991821	
-1.80054	
-1.9989	
-0.808716	
1.72424	
5.49316	
7.27844	
7.23267	
5.26428	
2.74658	
0.869751	
0.198364	
2.86865	
6.01196	
9.93347	
11.0168	
9.552	
7.09534	
5.09644	
4.5166	
3.60107	
2.13623	
2.30408	
3.89099	
7.27844	
10.7422	
11.8713	
11.5509	
10.1013	
8.56018	
8.20923	
6.073	
6.05774	
6.80542	
7.96509	
9.24683	
10.6506	
10.7422	
10.4523	
8.71277	
5.06592	
-0.259399	
-3.90625	
-5.31006	
-4.31824	
-2.99072	
-1.72424	
-0.274658	
1.41907	
5.06592	
7.5531	
9.44519	
9.58252	
8.69751	
8.27026	
8.62122	
8.11768	
6.30188	
3.7384	
-1.26648	
-5.9967	
-10.2692	
-12.207	
-10.6659	
-7.08008	
-1.83105	
2.85339	
5.43213	
6.10352	
5.66101	
4.08936	
2.94495	
3.46375	
4.57764	
6.37817	
8.86536	
10.6812	
11.0474	
9.21631	
6.19507	
1.96838	
-1.89209	
-3.28064	
-2.92969	
0.518799	
4.30298	
6.80542	
9.30786	
11.3983	
13.5651	
14.2822	
12.9395	
11.0168	
9.46045	
9.67407	
9.00269	
6.60706	
3.31116	
1.26648	
1.93787	
3.52478	
4.05884	
3.93677	
3.66211	
4.37927	
5.69153	
6.75964	
6.39343	
6.17981	
6.7749	
9.27734	
12.4054	
15.0452	
15.4419	
13.8397	
10.5591	
7.47681	
4.31824	
1.89209	
-0.259399	
-2.53296	
-4.5166	
-5.24902	
-4.30298	
-1.64795	
0.289917	
1.92261	
2.97546	
3.35693	
2.88391	
1.49536	
-1.34277	
-2.74658	
-1.96838	
0.732422	
3.34167	
4.18091	
3.49426	
1.78528	
-0.320435	
-2.2583	
-4.11987	
-4.18091	
-1.95312	
1.25122	
4.44031	
6.5155	
6.45447	
6.17981	
5.72205	
4.3335	
3.06702	
1.64795	
0.839233	
1.52588	
3.2196	
4.89807	
5.02014	
3.58582	
0.808716	
-2.21252	
-4.0741	
-3.41797	
-0.320435	
4.37927	
6.39343	
6.27136	
4.40979	
2.24304	
1.38855	
-0.0305176	
-2.15149	
-3.2959	
-2.60925	
-0.518799	
1.95312	
2.68555	
1.83105	
1.05286	
-0.0457764	
-0.0610352	
-0.747681	
-1.23596	
-1.49536	
-0.50354	
0.610352	
0.289917	
-1.46484	
-4.04358	
-6.86646	
-8.28552	
-9.79614	
-8.97217	
-7.2937	
-3.78418	
-1.41907	
0.228882	
-0.396729	
-0.854492	
-1.44958	
-1.17493	
-2.54822	
-2.44141	
-1.05286	
0.930786	
2.92969	
3.75366	
2.01416	
-1.12915	
-3.89099	
-7.14111	
-9.75037	
-11.1847	
-11.4899	
-9.26208	
-5.0354	
-0.778198	
1.78528	
1.87683	
-0.793457	
-3.15857	
-5.53894	
-6.94275	
-6.073	
-4.47083	
-1.87683	
-0.274658	
-1.19019	
-2.48718	
-3.90625	
-4.24194	
-4.57764	
-5.18799	
-5.78308	
-5.38635	
-3.66211	
-2.48718	
-2.45667	
-3.58582	
-5.41687	
-6.71387	
-9.15527	
-10.788	
-11.0474	
-9.0332	
-5.84412	
-1.66321	
0.534058	
1.66321	
0.915527	
0	
-2.18201	
-3.72314	
-3.87573	
-3.72314	
-1.38855	
0.991821	
1.19019	
0.213623	
-1.4801	
-3.26538	
-5.05066	
-6.2561	
-8.01086	
-8.255	
-6.43921	
-2.70081	
0.0762939	
1.77002	
1.92261	
0.869751	
-1.02234	
-3.11279	
-4.5929	
-5.05066	
-3.31116	
-0.0457764	
1.00708	
1.89209	
0.595093	
-1.57166	
-4.13513	
-6.08826	
-6.62231	
-4.63867	
-1.98364	
-1.64795	
-3.34167	
-6.79016	
-9.52148	
-10.7574	
-11.5967	
-11.2762	
-10.5743	
-7.88879	
-3.63159	
-0.808716	
-0.762939	
-3.32642	
-7.0343	
-9.84192	
-10.1471	
-9.41467	
-7.85828	
-5.46265	
-2.71606	
-0.793457	
0.534058	
-0.762939	
-3.87573	
-6.89697	
-8.14819	
-7.30896	
-4.2572	
-0.457764	
2.80762	
4.85229	
4.34875	
1.43433	
-1.297	
-2.97546	
-3.26538	
-2.5177	
-1.89209	
-0.717163	
0.335693	
1.44958	
1.26648	
0.320435	
-0.762939	
-1.51062	
-2.54822	
-3.60107	
-3.57056	
-2.36511	
0.320435	
2.5177	
2.10571	
-0.152588	
-3.52478	
-6.62231	
-8.10242	
-7.82776	
-5.44739	
-3.79944	
-3.49426	
-6.02722	
-9.91821	
-11.9171	
-12.085	
-10.9406	
-8.34656	
-5.76782	
-2.80762	
0.320435	
1.51062	
0.488281	
-1.5564	
-4.83704	
-7.35474	
-9.64355	
-9.76562	
-8.43811	
-6.19507	
-4.28772	
-3.49426	
-5.8136	
-7.94983	
-10.1013	
-12.146	
-11.7798	
-10.8795	
-8.81958	
-6.17981	
-3.78418	
-2.68555	
-2.12097	
-3.32642	
-5.08118	
-8.16345	
-10.9863	
-12.1918	
-11.3983	
-8.22449	
-5.18799	
-3.20435	
-1.72424	
-1.4801	
-2.01416	
-4.27246	
-7.90405	
-11.3678	
-12.1765	
-9.82666	
-5.8136	
-1.90735	
0.396729	
0.396729	
-1.09863	
-2.76184	
-4.76074	
-6.28662	
-6.63757	
-5.46265	
-2.42615	
0.854492	
2.73132	
2.13623	
0.213623	
-3.05176	
-6.14929	
-7.5531	
-7.46155	
-3.78418	
1.49536	
6.37817	
9.70459	
10.6812	
8.68225	
5.2948	
1.86157	
-1.44958	
-2.21252	
-0.915527	
1.34277	
4.3335	
7.30896	
9.00269	
8.48389	
4.98962	
0.0610352	
-4.42505	
-5.05066	
-2.28882	
1.83105	
5.69153	
7.84302	
7.73621	
5.47791	
2.74658	
-0.839233	
-4.94385	
-7.70569	
-8.60596	
-6.43921	
-2.16675	
2.67029	
6.27136	
8.31604	
8.3313	
7.21741	
5.05066	
1.37329	
-3.02124	
-5.41687	
-6.53076	
-4.05884	
-1.78528	
-0.50354	
-1.80054	
-4.15039	
-6.43921	
-6.22559	
-3.86047	
0.213623	
4.02832	
5.90515	
6.02722	
4.36401	
1.9989	
-0.259399	
-2.96021	
-5.14221	
-5.9967	
-4.57764	
-2.24304	
1.49536	
3.08228	
3.02124	
2.2583	
1.26648	
-0.366211	
-3.66211	
-5.96619	
-7.8125	
-7.32422	
-5.06592	
-2.59399	
-0.289917	
0.961304	
1.9989	
1.5564	
0.808716	
-0.0915527	
-0.793457	
-0.152588	
0.549316	
1.17493	
1.17493	
-0.808716	
-3.41797	
-5.66101	
-6.34766	
-4.31824	
-0.701904	
2.38037	
3.86047	
2.91443	
0.518799	
-2.7771	
-5.56946	
-7.26318	
-7.79724	
-6.69861	
-4.50134	
-2.45667	
-0.656128	
-0.808716	
-2.34985	
-4.34875	
-6.34766	
-8.28552	
-9.6283	
-10.3912	
-9.8114	
-8.42285	
-5.92041	
-3.95203	
-2.2583	
-1.19019	
-0.701904	
-0.869751	
-1.00708	
-1.05286	
-1.20544	
-1.86157	
-2.68555	
-3.49426	
-4.48608	
-5.44739	
-6.74438	
-8.56018	
-9.24683	
-7.76672	
-4.19617	
-0.0915527	
2.70081	
3.2959	
1.61743	
-0.869751	
-2.28882	
-2.16675	
-0.869751	
0.183105	
-0.106812	
-1.44958	
-1.86157	
-2.2583	
-2.83813	
-4.62341	
-7.85828	
-11.4136	
-12.6495	
-10.0403	
-4.31824	
2.13623	
7.62939	
10.3149	
10.8337	
9.46045	
6.5918	
1.8158	
-3.57056	
-8.20923	
-10.7269	
-10.2997	
-6.91223	
-3.11279	
0.686646	
2.76184	
2.85339	
1.60217	
-0.0305176	
-0.976562	
-0.167847	
1.54114	
3.92151	
4.74548	
3.82996	
0.518799	
-3.96729	
-8.45337	
-11.1542	
-11.4899	
-9.52148	
-6.16455	
-2.82288	
-0.259399	
1.54114	
2.41089	
3.0365	
2.5177	
1.31226	
0.38147	
1.14441	
3.5553	
6.5918	
8.28552	
7.56836	
4.56238	
1.02234	
-2.48718	
-5.14221	
-6.34766	
-6.16455	
-4.94385	
-3.52478	
-3.08228	
-3.7384	
-4.39453	
-3.9978	
-3.32642	
-2.47192	
-1.57166	
-0.0610352	
1.46484	
2.70081	
3.06702	
2.05994	
0.0305176	
-1.57166	
-2.34985	
-1.83105	
0.0152588	
2.18201	
3.96729	
5.26428	
5.84412	
5.35583	
4.62341	
2.99072	
0.183105	
-2.60925	
-3.82996	
-2.04468	
2.54822	
8.43811	
12.7411	
14.5874	
13.1073	
8.74329	
1.78528	
-5.34058	
-9.65881	
-9.0332	
-3.31116	
4.65393	
10.5743	
13.1836	
11.8561	
8.13293	
2.48718	
-4.11987	
-9.2926	
-11.2915	
-10.1318	
-6.43921	
-2.28882	
1.06812	
3.00598	
3.63159	
1.61743	
-2.68555	
-7.15637	
-9.26208	
-7.08008	
-1.35803	
5.18799	
10.4218	
13.092	
13.7787	
12.5732	
9.87244	
5.76782	
1.9989	
-1.12915	
-1.63269	
0.335693	
3.14331	
5.12695	
4.76074	
2.30408	
0	
-0.411987	
1.72424	
4.57764	
6.74438	
7.52258	
7.2937	
7.12585	
7.43103	
6.2561	
3.37219	
-1.00708	
-4.21143	
-5.78308	
-4.83704	
-2.13623	
1.70898	
5.09644	
7.52258	
7.62939	
5.70679	
3.49426	
2.71606	
3.31116	
4.56238	
4.18091	
2.22778	
-0.12207	
-2.27356	
-3.92151	
-4.62341	
-4.76074	
-3.8147	
-1.70898	
1.25122	
3.78418	
5.78308	
6.36292	
5.37109	
2.70081	
-0.213623	
-3.17383	
-5.0354	
-5.76782	
-5.41687	
-3.92151	
-2.2583	
-0.717163	
0.518799	
0.305176	
-0.762939	
-2.21252	
-2.91443	
-3.31116	
-3.46375	
-4.27246	
-5.23376	
-6.10352	
-6.37817	
-5.08118	
-3.54004	
-1.95312	
-0.183105	
0.366211	
0.396729	
-0.88501	
-2.39563	
-3.18909	
-4.19617	
-5.0354	
-6.30188	
-6.08826	
-3.93677	
-0.320435	
3.05176	
3.69263	
3.46375	
1.17493	
-0.671387	
-2.02942	
-1.93787	
0.457764	
4.5166	
7.35474	
8.36182	
5.5542	
1.66321	
-2.28882	
-4.02832	
-4.71497	
-3.34167	
-1.2207	
1.77002	
4.53186	
5.59998	
5.27954	
3.17383	
0.152588	
-1.90735	
-2.57874	
-1.66321	
-0.991821	
-0.366211	
0.839233	
1.96838	
3.02124	
2.05994	
0.259399	
-1.34277	
-2.12097	
-1.98364	
-1.52588	
-0.442505	
1.14441	
4.57764	
5.96619	
5.41687	
2.50244	
-2.38037	
-5.87463	
-7.69043	
-8.5907	
-6.62231	
-5.78308	
-4.89807	
-6.19507	
-7.61414	
-8.5144	
-8.13293	
-6.45447	
-6.54602	
-7.44629	
-8.22449	
-8.255	
-6.7749	
-4.39453	
-1.98364	
-0.0610352	
-0.38147	
-2.18201	
-5.72205	
-8.62122	
-9.84192	
-8.01086	
-5.69153	
-2.27356	
-0.62561	
-0.305176	
-1.2207	
-2.09045	
-5.26428	
-6.94275	
-9.3689	
-12.4054	
-11.4594	
-10.1776	
-7.50732	
-3.0365	
-1.23596	
-1.41907	
-1.70898	
-3.02124	
-3.64685	
-2.82288	
-0.976562	
0.0152588	
-0.0610352	
-0.991821	
-1.66321	
-1.19019	
-1.86157	
-2.19727	
-3.50952	
-5.66101	
-4.57764	
-1.77002	
0.595093	
2.27356	
3.00598	
3.5553	
2.85339	
1.51062	
1.34277	
2.01416	
4.85229	
6.69861	
5.84412	
1.19019	
-3.26538	
-4.02832	
-1.98364	
0.579834	
3.58582	
6.04248	
5.92041	
6.31714	
5.95093	
5.12695	
3.02124	
-0.839233	
-6.34766	
-12.6953	
-17.8833	
-15.7623	
-10.7117	
-3.8147	
-0.0610352	
0.915527	
-0.0762939	
-0.854492	
-1.57166	
-1.57166	
-0.457764	
0.869751	
3.98254	
4.98962	
3.96729	
2.31934	
-0.167847	
-3.08228	
-5.8136	
-8.54492	
-10.788	
-11.3983	
-10.1776	
-7.65991	
-3.17383	
-0.930786	
0.0762939	
0.732422	
0.244141	
1.69373	
3.89099	
5.08118	
4.45557	
3.17383	
4.44031	
4.3335	
3.87573	
3.479	
0	
-3.63159	
-5.11169	
-3.52478	
-0.717163	
2.85339	
7.65991	
9.58252	
10.7727	
11.7645	
8.75854	
7.70569	
7.04956	
8.66699	
10.9711	
13.1989	
13.5651	
12.4664	
10.5286	
8.5144	
8.98743	
9.76562	
11.3831	
13.1226	
13.7024	
13.2751	
13.6261	
15.6555	
17.1814	
18.219	
17.6086	
14.2517	
13.1378	
14.2517	
15.3809	
14.7095	
13.9008	
12.0087	
10.2844	
9.91821	
9.8114	
8.57544	
7.41577	
8.05664	
9.1095	
10.5438	
11.3373	
8.8501	
6.24084	
6.88171	
8.60596	
10.5438	
8.43811	
6.14929	
3.76892	
2.88391	
3.5553	
3.38745	
1.66321	
1.08337	
0.457764	
-0.213623	
-3.49426	
-2.80762	
-0.518799	
2.99072	
7.08008	
7.18689	
3.50952	
0.152588	
-1.93787	
-2.28882	
-3.25012	
-2.02942	
-0.930786	
2.28882	
6.14929	
7.30896	
2.74658	
-2.31934	
-6.7749	
-9.21631	
-6.04248	
-2.5177	
1.75476	
4.0741	
5.85937	
4.74548	
3.25012	
0.320435	
-3.23486	
-6.24084	
-8.13293	
-5.82886	
-3.31116	
-1.98364	
-0.289917	
-2.22778	
-3.60107	
-3.17383	
-3.0365	
-3.31116	
-4.44031	
-5.59998	
-5.20325	
-4.71497	
-2.83813	
0.0915527	
1.37329	
2.47192	
1.58691	
-3.44849	
-6.91223	
-9.12476	
-9.24683	
-5.05066	
-0.640869	
-0.88501	
-2.60925	
-8.5907	
-11.5356	
-11.2152	
-8.65173	
-4.73022	
-1.11389	
4.36401	
6.10352	
4.0741	
-0.137329	
-5.56946	
-9.52148	
-11.0779	
-9.65881	
-9.2926	
-5.72205	
-2.24304	
-1.90735	
0.12207	
-3.02124	
-5.2948	
-4.62341	
-5.38635	
-4.31824	
-5.34058	
-4.71497	
-3.06702	
-1.38855	
1.06812	
-0.656128	
-4.88281	
-9.53674	
-12.8937	
-14.5874	
-14.267	
-12.8326	
-9.82666	
-5.95093	
-0.991821	
5.85937	
4.76074	
0.915527	
-3.02124	
-7.06482	
-5.53894	
0.335693	
2.63977	
2.74658	
2.65503	
-0.305176	
0.106812	
-0.900269	
-3.02124	
-5.64575	
-8.08716	
-10.0555	
-8.57544	
-4.05884	
-0.0305176	
4.56238	
6.60706	
5.76782	
1.70898	
-2.63977	
-5.05066	
-1.63269	
4.27246	
8.39233	
9.24683	
5.82886	
1.00708	
-1.32751	
-3.23486	
-2.79236	
-2.10571	
0.0152588	
4.2572	
6.91223	
8.62122	
8.63647	
8.48389	
6.31714	
5.2948	
3.0365	
2.39563	
0.823975	
1.9989	
3.31116	
2.39563	
4.24194	
2.85339	
0.88501	
-0.854492	
-0.762939	
1.32751	
2.41089	
3.64685	
4.76074	
3.66211	
2.89917	
1.08337	
-2.22778	
-4.94385	
-7.21741	
-8.255	
-9.82666	
-8.5144	
-5.84412	
-3.31116	
-1.83105	
-2.74658	
-6.54602	
-7.90405	
-8.88062	
-7.56836	
-3.87573	
-0.671387	
1.40381	
3.14331	
2.5177	
-1.58691	
-2.2583	
-4.54712	
-3.0365	
-2.70081	
-0.411987	
1.64795	
2.99072	
3.37219	
-0.0152588	
-3.11279	
-6.69861	
-9.58252	
-9.6283	
-7.49207	
-5.58472	
-1.35803	
-0.88501	
-2.18201	
-2.85339	
-4.21143	
-3.28064	
-3.64685	
-6.39343	
-7.84302	
-5.58472	
-2.76184	
0.366211	
1.11389	
-4.21143	
-7.23267	
-10.2997	
-12.5427	
-10.2081	
-8.01086	
-5.24902	
-2.54822	
-2.70081	
-3.98254	
-4.02832	
-7.14111	
-6.19507	
-7.0343	
-8.56018	
-8.13293	
-8.81958	
-8.74329	
-7.69043	
-7.14111	
-8.40759	
-8.71277	
-9.59778	
-12.2223	
-13.3972	
-12.7563	
-11.4594	
-8.42285	
-6.37817	
-9.09424	
-12.8784	
-15.9912	
-15.274	
-13.5803	
-11.1389	
-8.89587	
-6.5918	
-3.75366	
-3.18909	
-3.8147	
-5.08118	
-7.59888	
-10.6201	
-10.9406	
-11.3831	
-10.4828	
-9.64355	
-7.30896	
-7.20215	
-4.54712	
-3.0365	
-2.56348	
-2.86865	
-5.7373	
-8.69751	
-10.2844	
-9.56726	
-8.89587	
-5.53894	
-4.53186	
-6.91223	
-6.13403	
-6.45447	
-6.37817	
-5.88989	
-5.87463	
-5.98145	
-4.27246	
-1.64795	
-1.40381	
-3.64685	
-3.95203	
-1.87683	
-0.671387	
0.88501	
-0.0457764	
-2.67029	
-1.38855	
0.747681	
2.21252	
3.25012	
2.99072	
0.320435	
-0.442505	
-0.137329	
0.976562	
2.54822	
2.30408	
0.320435	
-0.0305176	
-0.457764	
-0.366211	
0.0152588	
-0.366211	
0.564575	
0.274658	
2.28882	
4.98962	
5.64575	
5.46265	
4.53186	
1.90735	
-0.915527	
-1.66321	
-2.10571	
-2.63977	
-2.34985	
-0.915527	
1.61743	
2.21252	
4.86755	
5.24902	
4.50134	
2.60925	
1.63269	
0.686646	
0.656128	
0.961304	
1.4801	
0.915527	
1.17493	
-2.34985	
-3.67737	
-5.98145	
-6.28662	
-4.776	
-1.67847	
0.0457764	
1.93787	
2.31934	
2.83813	
1.80054	
0.793457	
-0.50354	
-2.36511	
-2.34985	
-0.0762939	
1.12915	
1.40381	
1.61743	
1.43433	
0.671387	
-0.244141	
-0.793457	
-1.32751	
0.610352	
0.762939	
-0.0152588	
0.198364	
0.442505	
0.0457764	
0.0915527	
-1.98364	
-0.488281	
1.46484	
3.26538	
3.64685	
3.2196	
1.67847	
1.95312	
2.68555	
1.96838	
-1.09863	
-4.92859	
-8.65173	
-9.44519	
-5.96619	
-1.61743	
2.79236	
5.18799	
3.50952	
-1.28174	
-4.50134	
-6.94275	
-4.79126	
0.640869	
6.63757	
11.5814	
13.4735	
11.2305	
7.17163	
2.19727	
-0.823975	
-1.96838	
-2.24304	
-2.60925	
-3.08228	
-2.89917	
-2.15149	
-0.808716	
-3.63159	
-2.92969	
-4.27246	
-1.90735	
-0.259399	
-1.0376	
-3.31116	
-5.58472	
-6.17981	
-4.83704	
-3.9978	
-2.12097	
-4.10461	
-5.2948	
-5.96619	
-6.8512	
-4.47083	
-0.106812	
2.27356	
4.60815	
3.82996	
0.610352	
-0.411987	
-1.98364	
-1.69373	
0.320435	
0.88501	
2.47192	
2.0752	
0.366211	
-2.70081	
-5.92041	
-8.28552	
-9.15527	
-5.47791	
0.50354	
6.88171	
10.8643	
10.3912	
9.71985	
7.75146	
7.00378	
6.39343	
3.23486	
1.87683	
2.53296	
4.39453	
8.43811	
10.0861	
8.04138	
4.53186	
1.15967	
-1.66321	
-2.38037	
0.915527	
4.63867	
7.59888	
8.43811	
7.14111	
3.89099	
0.717163	
-1.11389	
-2.31934	
-2.10571	
-1.02234	
-0.183105	
-0.961304	
-1.05286	
-0.534058	
-0.595093	
-0.167847	
0.0610352	
-0.534058	
-1.05286	
-1.32751	
-0.106812	
0.854492	
0.289917	
-0.152588	
-1.02234	
-3.67737	
-3.96729	
-2.82288	
-1.77002	
-0.549316	
0.854492	
0.38147	
-0.350952	
-0.961304	
-2.18201	
-2.2583	
-1.26648	
-1.14441	
-0.350952	
-0.137329	
0.289917	
0.976562	
2.67029	
3.12805	
2.31934	
0.823975	
-1.44958	
-2.19727	
-2.12097	
-0.427246	
-0.0762939	
-0.701904	
-0.38147	
-0.259399	
0.0152588	
1.14441	
1.20544	
1.15967	
0.717163	
0.0915527	
-0.274658	
-1.2207	
-1.40381	
-1.90735	
-2.71606	
-2.56348	
-2.21252	
-1.28174	
-0.671387	
-0.488281	
-0.869751	
-0.427246	
1.0376	
2.33459	
3.40271	
3.58582	
4.11987	
3.98254	
2.80762	
1.08337	
0.534058	
-0.289917	
-1.28174	
-2.70081	
-4.776	
-6.7749	
-7.94983	
-7.73621	
-7.93457	
-8.02612	
-7.99561	
-8.52966	
-7.50732	
-6.48499	
-6.24084	
-4.5929	
-3.79944	
-3.2959	
-3.37219	
-4.47083	
-5.41687	
-5.41687	
-4.24194	
-2.71606	
-1.66321	
-1.64795	
-0.991821	
-0.488281	
-1.17493	
-3.79944	
-7.14111	
-9.46045	
-9.32312	
-7.15637	
-5.44739	
-5.52368	
-6.95801	
-8.88062	
-9.552	
-8.255	
-6.13403	
-2.5177	
0.839233	
2.62451	
3.23486	
1.14441	
-2.10571	
-5.61523	
-8.5144	
-11.1084	
-11.7798	
-10.6506	
-8.78906	
-5.78308	
-3.34167	
-1.5564	
-0.961304	
0.579834	
2.33459	
4.62341	
7.14111	
8.52966	
8.7738	
7.99561	
5.14221	
3.72314	
2.33459	
1.34277	
1.90735	
0.473022	
-0.762939	
-2.38037	
-1.93787	
-0.808716	
0.259399	
1.63269	
2.92969	
3.41797	
2.63977	
1.09863	
0.320435	
0.0152588	
2.21252	
5.70679	
6.24084	
6.27136	
4.63867	
3.2196	
2.79236	
2.21252	
2.22778	
2.7771	
3.12805	
5.35583	
5.5542	
5.44739	
5.40161	
2.92969	
0.854492	
-0.640869	
-1.7395	
-1.02234	
-0.0457764	
-0.183105	
0.427246	
0.12207	
1.06812	
2.01416	
2.5177	
2.22778	
-0.350952	
-2.42615	
-2.79236	
-2.09045	
-0.717163	
-0.701904	
-2.50244	
-3.79944	
-3.75366	
-2.28882	
-0.762939	
-0.411987	
-0.411987	
-0.366211	
1.4801	
2.02942	
1.26648	
-0.38147	
-2.0752	
-3.40271	
-4.3335	
-3.92151	
-2.79236	
-0.320435	
2.73132	
3.72314	
4.37927	
3.44849	
1.41907	
-0.274658	
-1.2207	
-0.900269	
0.839233	
2.18201	
2.45667	
-0.823975	
-4.66919	
-8.02612	
-10.0555	
-11.9324	
-12.0087	
-10.5286	
-8.52966	
-6.83594	
-7.18689	
-8.11768	
-8.14819	
-7.67517	
-5.92041	
-7.73621	
-7.1106	
-6.30188	
-5.96619	
-5.47791	
-6.63757	
-6.45447	
-7.50732	
-8.62122	
-9.68933	
-11.5814	
-12.4359	
-9.99451	
-6.54602	
-2.70081	
-0.411987	
2.56348	
2.85339	
4.22668	
4.65393	
2.19727	
-0.991821	
-1.90735	
-0.656128	
2.0752	
3.95203	
4.57764	
2.67029	
1.66321	
0.762939	
-3.0365	
-7.26318	
-11.1847	
-11.6272	
-9.94873	
-7.1106	
-4.54712	
-3.18909	
-1.9989	
0.686646	
2.7771	
3.50952	
1.31226	
-0.930786	
-3.54004	
-3.61633	
-0.869751	
0.610352	
1.26648	
-0.0152588	
-3.43323	
-5.84412	
-6.80542	
-5.23376	
-2.05994	
1.86157	
5.43213	
7.0343	
6.83594	
5.72205	
3.90625	
1.75476	
0.610352	
-0.961304	
-0.961304	
-0.0152588	
-0.183105	
-2.19727	
-4.85229	
-8.30078	
-10.5743	
-11.9476	
-13.0615	
-11.3678	
-10.1318	
-8.69751	
-7.90405	
-7.44629	
-7.70569	
-7.27844	
-8.11768	
-8.37708	
-7.21741	
-5.00488	
-2.47192	
-0.564575	
-0.38147	
-0.274658	
0.183105	
1.51062	
0.488281	
-0.50354	
-1.66321	
-2.0752	
-0.946045	
-0.213623	
0.0457764	
0.38147	
-0.442505	
-0.839233	
-1.60217	
-1.70898	
-0.167847	
1.46484	
2.97546	
4.11987	
3.61633	
2.22778	
0.595093	
-1.93787	
-2.82288	
-1.90735	
0.137329	
1.34277	
2.47192	
1.90735	
1.60217	
2.09045	
1.70898	
0.579834	
-0.0305176	
0.686646	
2.60925	
5.92041	
9.6283	
12.3291	
13.5498	
12.8021	
12.0544	
11.8561	
11.8866	
11.1389	
9.33838	
7.49207	
7.18689	
8.23975	
9.15527	
8.78906	
7.56836	
6.48499	
6.91223	
7.65991	
7.70569	
7.32422	
6.66809	
5.95093	
5.82886	
5.32532	
4.62341	
5.5542	
7.01904	
9.17053	
11.1237	
11.7798	
11.2457	
10.0708	
8.69751	
7.73621	
6.8512	
7.08008	
8.30078	
10.3149	
11.9781	
12.0087	
10.1318	
7.32422	
3.479	
-0.0152588	
-1.77002	
-1.20544	
0.137329	
0.701904	
-0.930786	
-3.18909	
-4.62341	
-3.90625	
-2.89917	
-3.37219	
-4.97437	
-5.93567	
-6.79016	
-6.36292	
-6.68335	
-7.18689	
-7.21741	
-6.97327	
-6.22559	
-7.00378	
-8.66699	
-9.47571	
-8.98743	
-7.32422	
-5.31006	
-3.08228	
-1.41907	
-1.4801	
-1.19019	
-1.34277	
-3.43323	
-3.79944	
-3.66211	
-1.95312	
0.640869	
2.97546	
3.00598	
1.61743	
-1.05286	
-1.66321	
-1.02234	
-1.28174	
-1.37329	
-1.25122	
-2.48718	
-0.38147	
2.47192	
4.56238	
6.3324	
6.92749	
6.94275	
6.57654	
6.24084	
6.24084	
4.28772	
1.84631	
-0.518799	
-2.44141	
-3.44849	
-2.94495	
-0.732422	
2.04468	
4.10461	
4.76074	
4.69971	
4.86755	
5.78308	
6.30188	
5.5542	
4.65393	
3.44849	
2.74658	
2.18201	
1.49536	
-0.228882	
-1.72424	
-1.72424	
-1.49536	
0.335693	
3.26538	
5.0354	
7.47681	
9.33838	
10.025	
9.00269	
6.05774	
2.73132	
0.808716	
1.58691	
4.34875	
6.65283	
7.43103	
7.27844	
7.37	
8.10242	
8.49915	
7.33948	
5.52368	
3.57056	
2.22778	
2.74658	
3.34167	
3.89099	
4.86755	
4.54712	
5.59998	
5.44739	
5.59998	
6.22559	
6.7749	
6.60706	
5.90515	
3.54004	
1.5564	
0.38147	
0.640869	
1.92261	
3.25012	
4.88281	
5.63049	
7.00378	
8.8501	
10.2539	
10.6812	
9.8877	
7.14111	
3.49426	
0.198364	
-2.12097	
-2.10571	
-1.46484	
0.0610352	
1.9989	
4.10461	
4.62341	
4.34875	
3.06702	
1.297	
-0.152588	
-2.04468	
-3.479	
-3.26538	
-3.02124	
-2.30408	
-0.442505	
0.274658	
-0.12207	
-1.49536	
-3.08228	
-4.42505	
-4.37927	
-4.40979	
-6.24084	
-8.54492	
-10.0861	
-8.78906	
-6.5155	
-3.28064	
-1.4801	
-0.0305176	
-0.534058	
-2.80762	
-2.36511	
-1.98364	
-1.70898	
-0.50354	
-1.19019	
-2.94495	
-4.13513	
-4.11987	
-4.19617	
-4.16565	
-4.39453	
-4.34875	
-4.22668	
-3.18909	
-2.33459	
-1.5564	
-2.34985	
-3.26538	
-4.57764	
-5.34058	
-5.96619	
-6.72913	
-8.17871	
-7.00378	
-5.8136	
-3.50952	
-1.7395	
-1.57166	
-2.18201	
-2.60925	
-2.5177	
-3.2959	
-4.02832	
-4.97437	
-5.66101	
-4.91333	
-4.28772	
-3.90625	
-2.88391	
-2.76184	
-3.08228	
-3.84521	
-4.24194	
-4.01306	
-4.37927	
-5.34058	
-6.5155	
-7.18689	
-6.43921	
-5.85937	
-5.17273	
-4.54712	
-2.42615	
-1.05286	
-0.869751	
-1.72424	
-4.0741	
-6.01196	
-7.73621	
-8.66699	
-8.7738	
-8.05664	
-6.71387	
-5.7373	
-5.70679	
-7.1106	
-9.09424	
-9.61304	
-9.82666	
-7.73621	
-5.24902	
-4.82178	
-6.37817	
-8.23975	
-9.47571	
-8.57544	
-6.65283	
-6.34766	
-8.20923	
-10.2692	
-12.3901	
-13.2751	
-13.3667	
-12.3901	
-11.9781	
-11.0321	
-10.4828	
-9.94873	
-8.63647	
-8.48389	
-7.79724	
-6.86646	
-6.60706	
-5.58472	
-5.31006	
-5.38635	
-5.08118	
-4.2572	
-3.58582	
-3.26538	
-3.26538	
-2.83813	
-1.75476	
0.88501	
2.28882	
3.57056	
2.53296	
1.25122	
-0.213623	
-1.93787	
-3.17383	
-3.7384	
-3.96729	
-3.11279	
-1.72424	
1.00708	
2.04468	
3.63159	
3.61633	
3.34167	
2.34985	
1.02234	
0.335693	
1.0376	
2.88391	
5.40161	
7.70569	
8.74329	
7.46155	
5.40161	
1.58691	
-1.20544	
-2.02942	
-3.31116	
-3.20435	
-1.15967	
0.274658	
0.976562	
0.701904	
-1.26648	
-1.70898	
0.946045	
3.98254	
6.97327	
6.94275	
5.08118	
3.35693	
2.56348	
1.61743	
0.610352	
-1.96838	
-4.74548	
-6.75964	
-7.52258	
-7.38525	
-6.02722	
-5.44739	
-4.60815	
-3.05176	
-2.60925	
-1.72424	
-2.28882	
-4.13513	
-5.21851	
-7.2937	
-8.255	
-9.76562	
-9.04846	
-8.17871	
-5.63049	
-3.69263	
-2.22778	
-1.25122	
-1.63269	
-2.63977	
-2.96021	
-2.54822	
-0.610352	
-0.930786	
-1.7395	
-1.44958	
0.534058	
3.76892	
7.53784	
8.10242	
6.66809	
5.21851	
3.35693	
1.93787	
1.09863	
1.35803	
0.900269	
-1.26648	
-3.06702	
-3.34167	
-1.15967	
2.01416	
3.58582	
2.89917	
1.8158	
0.88501	
0.88501	
1.2207	
1.23596	
0.137329	
-2.33459	
-4.08936	
-5.14221	
-4.34875	
-2.38037	
-1.20544	
0.457764	
0.671387	
-0.320435	
-1.28174	
-2.79236	
-4.27246	
-5.44739	
-6.63757	
-7.38525	
-7.84302	
-7.67517	
-6.95801	
-6.27136	
-5.11169	
-3.70789	
-1.78528	
-0.167847	
-0.457764	
-0.839233	
-2.04468	
-3.52478	
-4.776	
-6.79016	
-9.26208	
-9.32312	
-7.37	
-5.53894	
-2.85339	
-2.82288	
-3.76892	
-4.53186	
-5.14221	
-4.01306	
-3.8147	
-3.57056	
-4.27246	
-5.20325	
-6.40869	
-6.39343	
-7.01904	
-6.27136	
-4.98962	
-4.65393	
-4.30298	
-4.62341	
-5.69153	
-5.79834	
-6.91223	
-7.78198	
-8.78906	
-8.91113	
-8.27026	
-5.95093	
-3.50952	
-2.18201	
-0.778198	
0.0762939	
0.595093	
0.717163	
0.228882	
-0.610352	
-1.72424	
-2.44141	
-3.00598	
-2.85339	
-2.13623	
-0.915527	
-0.305176	
0.534058	
0.564575	
0.137329	
-0.0610352	
0.610352	
1.26648	
2.04468	
2.42615	
2.13623	
1.44958	
1.77002	
2.94495	
5.15747	
7.08008	
7.87354	
7.65991	
6.92749	
5.90515	
4.50134	
2.02942	
-0.305176	
-0.961304	
0.946045	
4.44031	
7.85828	
9.38416	
8.66699	
7.26318	
6.01196	
4.71497	
3.12805	
1.64795	
0.930786	
0.0152588	
-0.457764	
-1.64795	
-2.89917	
-3.43323	
-2.83813	
-1.64795	
-0.152588	
0.732422	
1.35803	
1.23596	
2.02942	
1.40381	
0.137329	
-1.92261	
-3.89099	
-5.18799	
-5.15747	
-4.15039	
-1.87683	
0.274658	
1.67847	
0.946045	
-0.808716	
-2.28882	
-2.70081	
-2.41089	
-1.69373	
-0.991821	
-0.0152588	
0.518799	
1.38855	
1.89209	
2.5177	
3.2196	
3.95203	
2.44141	
0.564575	
-2.05994	
-3.76892	
-4.27246	
-2.74658	
-0.289917	
3.0365	
5.12695	
5.31006	
4.44031	
3.76892	
4.24194	
5.63049	
5.96619	
4.3335	
1.14441	
-3.98254	
-7.96509	
-9.42993	
-8.49915	
-5.06592	
-1.23596	
2.10571	
3.64685	
3.49426	
2.36511	
2.09045	
1.80054	
1.12915	
-0.488281	
-2.42615	
-4.11987	
-3.58582	
-1.8158	
0.244141	
0.869751	
1.11389	
0.823975	
1.77002	
2.91443	
4.36401	
5.40161	
6.04248	
5.46265	
4.19617	
1.67847	
-0.335693	
-1.84631	
-2.48718	
-2.65503	
-2.94495	
-3.64685	
-4.2572	
-4.85229	
-4.0741	
-2.10571	
-0.671387	
-1.11389	
-2.31934	
-3.67737	
-3.79944	
-1.61743	
1.46484	
2.7771	
2.94495	
1.58691	
0.640869	
-0.106812	
0.0610352	
-0.305176	
-1.00708	
-1.84631	
-2.73132	
-2.71606	
-1.89209	
-0.50354	
1.12915	
2.09045	
3.60107	
4.97437	
6.39343	
6.48499	
4.44031	
0.0152588	
-4.98962	
-9.14001	
-10.2386	
-8.36182	
-5.05066	
-1.98364	
0.701904	
2.34985	
3.38745	
3.72314	
2.79236	
0.640869	
-1.5564	
-2.80762	
-2.12097	
-0.915527	
1.52588	
3.89099	
6.42395	
8.04138	
8.69751	
8.02612	
7.47681	
6.8512	
6.79016	
6.60706	
5.70679	
4.18091	
2.28882	
1.20544	
0.946045	
1.41907	
2.59399	
2.96021	
3.49426	
4.24194	
4.60815	
4.48608	
5.34058	
5.47791	
5.85937	
6.17981	
6.39343	
5.18799	
4.71497	
4.19617	
4.08936	
3.9978	
5.34058	
6.5918	
9.01794	
10.0403	
9.1095	
5.67627	
1.87683	
-0.198364	
-0.38147	
1.28174	
4.97437	
6.46973	
6.28662	
5.15747	
3.61633	
3.20435	
3.69263	
3.96729	
4.15039	
3.61633	
2.76184	
2.33459	
2.18201	
2.18201	
3.7384	
4.0741	
3.28064	
2.21252	
-0.152588	
-1.75476	
-2.7771	
-4.39453	
-5.32532	
-5.32532	
-3.09753	
0.106812	
3.15857	
5.09644	
5.78308	
4.83704	
4.24194	
4.11987	
5.11169	
5.52368	
5.05066	
4.16565	
3.93677	
5.32532	
6.91223	
6.30188	
4.68445	
1.44958	
0.320435	
0.595093	
1.25122	
1.4801	
1.14441	
-0.228882	
-0.915527	
0.167847	
2.42615	
5.49316	
8.37708	
9.00269	
8.08716	
7.24792	
6.98853	
7.23267	
6.28662	
2.86865	
0.167847	
-2.74658	
-4.08936	
-5.17273	
-4.98962	
-4.63867	
-3.28064	
-0.732422	
0.747681	
1.67847	
1.14441	
0.167847	
-0.686646	
-2.19727	
-3.14331	
-4.18091	
-4.13513	
-4.57764	
-5.27954	
-6.5918	
-6.073	
-4.50134	
-2.92969	
-2.12097	
-2.30408	
-3.20435	
-3.02124	
-4.08936	
-6.60706	
-9.15527	
-11.3831	
-11.4746	
-10.1471	
-7.30896	
-5.09644	
-3.49426	
-2.42615	
-4.71497	
-6.92749	
-9.47571	
-12.2681	
-12.7411	
-13.3514	
-14.4196	
-13.4583	
-12.5732	
-11.0168	
-9.14001	
-7.27844	
-6.65283	
-7.72095	
-9.15527	
-11.9781	
-14.267	
-15.2435	
-14.1907	
-11.1542	
-7.04956	
-2.54822	
-0.0305176	
0.88501	
0.473022	
-0.0457764	
-2.15149	
-5.53894	
-10.0708	
-11.6425	
-9.82666	
-4.56238	
0.579834	
3.12805	
2.27356	
2.44141	
1.92261	
2.57874	
2.60925	
2.47192	
2.42615	
3.34167	
5.02014	
7.21741	
7.23267	
6.63757	
5.67627	
3.08228	
1.87683	
0.213623	
-2.89917	
-5.0354	
-6.39343	
-5.43213	
-2.56348	
2.13623	
7.26318	
10.2386	
9.96399	
6.53076	
0.50354	
-4.13513	
-6.04248	
-4.37927	
0.473022	
5.64575	
9.44519	
10.9558	
9.94873	
8.01086	
5.23376	
2.5177	
0.686646	
0.488281	
0.686646	
2.36511	
4.86755	
6.56128	
7.32422	
6.22559	
3.60107	
0.350952	
-1.86157	
-2.73132	
-3.12805	
-4.11987	
-4.73022	
-4.13513	
-2.31934	
0.167847	
2.38037	
3.17383	
2.60925	
1.64795	
1.297	
2.24304	
4.01306	
5.18799	
4.47083	
1.93787	
-0.427246	
-2.22778	
-2.42615	
-1.7395	
-1.78528	
-1.7395	
-3.20435	
-4.86755	
-6.01196	
-6.39343	
-5.95093	
-4.27246	
-3.57056	
-3.32642	
-3.02124	
-2.85339	
-2.15149	
-0.442505	
1.32751	
2.63977	
2.79236	
1.37329	
-0.564575	
-2.0752	
-3.84521	
-4.69971	
-5.87463	
-6.04248	
-5.37109	
-4.11987	
-2.7771	
-1.64795	
-2.28882	
-4.11987	
-5.5542	
-5.9967	
-5.85937	
-6.16455	
-5.95093	
-5.82886	
-4.5929	
-2.28882	
-2.27356	
-2.41089	
-3.49426	
-2.24304	
-0.457764	
1.72424	
3.57056	
4.57764	
5.05066	
4.53186	
2.50244	
-0.0457764	
-2.80762	
-3.84521	
-4.18091	
-3.50952	
-3.67737	
-3.95203	
-4.60815	
-5.5542	
-5.69153	
-4.79126	
-4.42505	
-4.85229	
-5.41687	
-6.82068	
-6.2561	
-5.34058	
-5.17273	
-5.37109	
-7.2937	
-8.13293	
-8.69751	
-8.92639	
-9.52148	
-9.87244	
-10.1624	
-9.79614	
-8.22449	
-6.95801	
-6.17981	
-4.98962	
-3.43323	
-2.73132	
-4.10461	
-6.7749	
-10.5133	
-13.1989	
-13.3972	
-12.1002	
-10.498	
-8.04138	
-5.09644	
-2.68555	
-2.05994	
-2.73132	
-4.47083	
-4.73022	
-4.40979	
-3.75366	
-3.05176	
-2.34985	
-1.46484	
0.198364	
0.518799	
-0.701904	
-2.47192	
-5.53894	
-8.19397	
-9.33838	
-9.12476	
-7.64465	
-5.95093	
-2.80762	
-0.747681	
1.54114	
3.14331	
3.63159	
3.32642	
3.28064	
2.56348	
1.00708	
-1.0376	
-2.67029	
-4.02832	
-4.16565	
-4.45557	
-4.18091	
-3.86047	
-3.79944	
-4.776	
-5.78308	
-6.82068	
-6.80542	
-4.19617	
-1.05286	
1.43433	
1.80054	
0.12207	
-1.61743	
-2.2583	
-2.21252	
-2.99072	
-4.68445	
-6.94275	
-7.59888	
-5.75256	
-3.75366	
-2.82288	
-2.79236	
-3.2196	
-2.28882	
-0.518799	
1.2207	
1.31226	
-0.457764	
-3.41797	
-5.63049	
-6.68335	
-6.56128	
-5.87463	
-4.31824	
-2.97546	
-0.0915527	
1.43433	
2.68555	
2.63977	
2.2583	
2.33459	
3.70789	
4.40979	
2.94495	
-1.41907	
-4.80652	
-6.34766	
-4.94385	
-2.86865	
-1.4801	
-2.54822	
-2.86865	
-2.86865	
-2.99072	
-3.38745	
-4.68445	
-6.24084	
-6.82068	
-5.98145	
-3.76892	
-1.43433	
1.31226	
2.13623	
1.54114	
-1.14441	
-3.35693	
-4.57764	
-5.09644	
-6.46973	
-7.79724	
-9.1095	
-7.26318	
-2.53296	
0.823975	
2.18201	
-0.137329	
-4.18091	
-5.95093	
-5.63049	
-3.31116	
-1.34277	
-1.9989	
-4.5929	
-6.72913	
-7.70569	
-6.80542	
-4.91333	
-4.13513	
-4.13513	
-4.62341	
-4.2572	
-3.18909	
-2.89917	
-4.05884	
-6.92749	
-11.322	
-12.207	
-10.4218	
-7.33948	
-4.10461	
-2.7771	
-2.50244	
-3.00598	
-2.71606	
-3.32642	
-4.24194	
-5.35583	
-5.72205	
-6.10352	
-6.92749	
-6.8512	
-6.56128	
-5.24902	
-2.96021	
-0.915527	
0	
-0.442505	
-1.52588	
-2.13623	
-0.900269	
0.946045	
2.60925	
2.88391	
1.297	
-1.14441	
-2.57874	
-1.43433	
0.946045	
2.99072	
3.49426	
1.90735	
-0.0610352	
-1.2207	
-1.34277	
-1.37329	
-1.57166	
-1.14441	
0.854492	
3.5553	
5.84412	
6.02722	
4.16565	
1.26648	
-0.915527	
-2.18201	
-1.89209	
-0.640869	
0.793457	
1.41907	
1.25122	
0.350952	
-1.11389	
-3.0365	
-4.94385	
-6.30188	
-4.69971	
-1.34277	
2.79236	
5.53894	
6.36292	
5.72205	
4.28772	
1.05286	
-2.50244	
-6.97327	
-9.78088	
-10.1166	
-7.44629	
-3.32642	
0.656128	
3.12805	
4.15039	
3.46375	
2.47192	
1.38855	
0.442505	
-0.244141	
-0.396729	
-1.8158	
-2.73132	
-3.96729	
-4.56238	
-4.53186	
-3.9978	
-5.0354	
-6.71387	
-8.72803	
-9.82666	
-10.025	
-8.56018	
-6.02722	
-3.61633	
-2.22778	
-1.14441	
-1.66321	
-2.44141	
-2.71606	
-2.15149	
-1.60217	
-1.40381	
-1.19019	
-1.78528	
-2.2583	
-2.92969	
-4.01306	
-4.76074	
-5.00488	
-4.40979	
-4.40979	
-6.05774	
-7.98035	
-8.39233	
-7.53784	
-5.44739	
-4.24194	
-5.08118	
-6.24084	
-6.88171	
-6.79016	
-6.22559	
-6.05774	
-5.02014	
-3.7384	
-2.01416	
-1.23596	
-1.15967	
-2.01416	
-2.85339	
-3.70789	
-4.40979	
-4.13513	
-3.50952	
-2.94495	
-1.5564	
-1.20544	
-0.289917	
-0.0305176	
0.0915527	
0.244141	
0.0152588	
-0.473022	
-0.946045	
-1.77002	
-1.95312	
-2.74658	
-3.7384	
-5.46265	
-6.94275	
-6.65283	
-5.64575	
-4.05884	
-2.36511	
-1.87683	
-1.69373	
-1.43433	
-0.854492	
-0.488281	
0.854492	
1.83105	
2.62451	
2.19727	
1.75476	
1.41907	
1.9989	
2.97546	
3.37219	
3.7384	
3.52478	
3.06702	
2.36511	
1.4801	
0.747681	
1.11389	
2.24304	
3.25012	
4.11987	
4.92859	
5.06592	
5.06592	
4.5166	
3.78418	
2.73132	
2.86865	
4.30298	
6.34766	
8.98743	
11.0474	
12.207	
12.6648	
13.2751	
13.3209	
13.3667	
13.1836	
13.6108	
12.9242	
13.4125	
13.3362	
13.5803	
13.9618	
13.8092	
12.5275	
10.8948	
9.06372	
7.38525	
7.26318	
7.44629	
7.33948	
6.97327	
6.68335	
6.28662	
6.79016	
7.91931	
8.40759	
7.67517	
6.53076	
5.66101	
5.26428	
6.24084	
7.38525	
7.67517	
6.75964	
5.11169	
3.43323	
2.96021	
2.13623	
1.5564	
1.69373	
3.11279	
5.49316	
8.08716	
9.41467	
10.0098	
9.8114	
9.44519	
9.01794	
9.76562	
10.025	
10.7727	
10.3455	
9.04846	
7.21741	
6.65283	
7.06482	
7.72095	
7.87354	
7.43103	
7.06482	
7.01904	
7.70569	
8.16345	
7.70569	
7.75146	
7.33948	
7.33948	
7.21741	
6.83594	
6.66809	
7.06482	
8.04138	
8.48389	
7.44629	
6.91223	
6.42395	
6.72913	
6.50024	
5.31006	
4.65393	
5.53894	
7.21741	
8.01086	
6.68335	
3.90625	
1.4801	
-0.213623	
-0.915527	
0.274658	
1.72424	
3.98254	
4.71497	
3.37219	
0.930786	
-1.60217	
-2.56348	
-2.48718	
-2.53296	
-2.18201	
-1.61743	
-1.49536	
-1.23596	
-0.701904	
-1.60217	
-0.411987	
-0.152588	
0.762939	
1.51062	
1.297	
1.43433	
1.51062	
0.976562	
-0.610352	
-3.46375	
-3.479	
-1.15967	
1.25122	
2.86865	
1.67847	
-1.92261	
-3.05176	
-3.20435	
-2.99072	
-1.08337	
-2.7771	
-2.67029	
-3.02124	
-3.40271	
-5.09644	
-9.26208	
-10.0555	
-6.01196	
0.854492	
8.19397	
8.22449	
3.14331	
-1.40381	
-4.776	
-2.02942	
0.396729	
1.32751	
0.488281	
-2.28882	
-4.98962	
-4.05884	
-2.41089	
1.00708	
4.5166	
4.5166	
3.2196	
3.58582	
0.137329	
0.274658	
0.701904	
-0.228882	
-0.259399	
-0.228882	
-0.991821	
-1.98364	
-4.21143	
-1.0376	
-0.442505	
-3.37219	
-2.68555	
-1.98364	
0.38147	
0.808716	
-1.02234	
-5.14221	
-4.36401	
-3.02124	
-0.396729	
1.19019	
1.297	
2.30408	
2.45667	
-3.17383	
-13.6261	
-14.1144	
-7.37	
-2.31934	
0.915527	
1.09863	
-0.823975	
-1.05286	
3.60107	
0.961304	
1.19019	
1.19019	
3.96729	
3.57056	
-3.86047	
-12.1002	
-6.46973	
-3.32642	
4.53186	
0.991821	
-3.75366	
-8.42285	
-6.31714	
-1.9989	
-2.74658	
-6.24084	
-9.30786	
-9.42993	
-6.43921	
2.36511	
-1.08337	
4.0741	
3.78418	
-2.13623	
-3.12805	
-6.16455	
-2.13623	
-2.47192	
-1.19019	
-1.37329	
-5.34058	
-0.823975	
6.86646	
14.267	
13.7634	
6.80542	
0	
-1.12915	
-0.0305176	
2.88391	
-4.2572	
-16.51	
-15.7928	
-6.10352	
8.97217	
17.1051	
9.30786	
1.297	
-6.02722	
7.91931	
13.9465	
13.7787	
9.41467	
8.92639	
9.8114	
12.3444	
14.328	
6.88171	
-3.57056	
3.17383	
7.99561	
11.6425	
19.1193	
14.679	
0.930786	
-9.38416	
-4.04358	
-3.79944	
5.67627	
3.78418	
1.26648	
3.34167	
15.8234	
25.3906	
26.6113	
21.7438	
9.41467	
7.38525	
-2.88391	
0.976562	
10.8032	
21.0419	
25.1007	
20.0653	
9.49097	
1.75476	
6.40869	
16.2048	
23.2697	
16.2201	
11.795	
10.376	
14.2975	
25.7111	
23.941	
10.9406	
2.56348	
-2.99072	
-1.06812	
4.71497	
8.62122	
16.6626	
24.3835	
22.522	
15.1825	
0.244141	
0.549316	
15.6403	
34.1187	
38.8489	
32.7301	
18.7225	
11.5814	
10.4523	
15.274	
22.4609	
27.4506	
30.0446	
27.4048	
21.9574	
18.5394	
18.2953	
18.4784	
17.5171	
15.3046	
13.4888	
12.0697	
10.9711	
9.87244	
8.255	
6.17981	
4.88281	
4.08936	
4.54712	
5.58472	
7.38525	
8.95691	
9.93347	
9.78088	
9.41467	
8.86536	
8.54492	
7.75146	
6.3324	
3.93677	
2.02942	
0.640869	
0.0762939	
-0.0915527	
0.228882	
0.0915527	
-0.396729	
-1.77002	
-3.23486	
-4.76074	
-6.17981	
-6.19507	
-5.8136	
-6.22559	
-6.48499	
-7.1106	
-6.86646	
-6.14929	
-5.7373	
-5.53894	
-5.52368	
-5.63049	
-5.34058	
-5.47791	
-5.27954	
-4.86755	
-3.7384	
-2.68555	
-1.70898	
-1.15967	
-0.946045	
-1.02234	
-1.38855	
-1.83105	
-2.27356	
-3.00598	
-3.92151	
-5.09644	
-5.85937	
-6.02722	
-5.70679	
-5.14221	
-4.63867	
-4.42505	
-4.63867	
-5.18799	
-5.52368	
-5.56946	
-5.21851	
-5.32532	
-5.23376	
-4.53186	
-2.92969	
-1.35803	
-0.762939	
-1.52588	
-2.57874	
-3.41797	
-4.10461	
-4.60815	
-5.08118	
-5.64575	
-6.3324	
-6.89697	
-7.00378	
-6.34766	
-5.38635	
-4.36401	
-3.93677	
-4.36401	
-5.12695	
-5.61523	
-5.27954	
-4.22668	
-2.74658	
-1.64795	
-1.52588	
-2.88391	
-4.54712	
-5.20325	
-4.73022	
-3.35693	
-2.09045	
-1.61743	
-1.4801	
-1.32751	
-0.427246	
0.854492	
2.54822	
3.28064	
2.76184	
1.52588	
0.198364	
-0.198364	
0.0305176	
0.473022	
1.00708	
1.2207	
1.66321	
2.34985	
2.65503	
1.90735	
0.549316	
-0.823975	
-1.98364	
-3.18909	
-3.98254	
-5.23376	
-6.37817	
-6.88171	
-6.66809	
-5.98145	
-4.92859	
-5.09644	
-6.073	
-7.17163	
-6.88171	
-5.87463	
-4.31824	
-3.17383	
-2.96021	
-3.35693	
-3.2959	
-2.99072	
-1.86157	
-0.656128	
0.0610352	
0.488281	
0.610352	
-0.0457764	
-1.28174	
-3.69263	
-6.28662	
-7.96509	
-8.66699	
-8.04138	
-6.60706	
-5.05066	
-2.88391	
-1.0376	
0.549316	
0.732422	
-1.05286	
-3.5553	
-6.3324	
-8.72803	
-10.5438	
-11.1694	
-10.6659	
-9.61304	
-8.89587	
-9.26208	
-9.90295	
-10.6506	
-10.8795	
-10.8185	
-10.6964	
-11.1694	
-11.3373	
-11.7187	
-11.9171	
-12.3291	
-13.3209	
-14.0381	
-13.7329	
-13.3514	
-12.7563	
-13.1378	
-14.4043	
-15.4419	
-15.3656	
-13.8092	
-11.0016	
-7.96509	
-5.76782	
-5.35583	
-5.56946	
-6.30188	
-6.60706	
-5.70679	
-4.3335	
-4.05884	
-4.27246	
-4.83704	
-5.96619	
-7.32422	
-8.97217	
-10.7574	
-11.5204	
-11.2152	
-9.96399	
-8.08716	
-6.74438	
-5.85937	
-5.14221	
-4.37927	
-3.82996	
-3.9978	
-5.05066	
-6.40869	
-6.95801	
-6.48499	
-5.38635	
-3.7384	
-2.22778	
-1.63269	
-1.66321	
-2.5177	
-2.94495	
-3.26538	
-3.35693	
-3.75366	
-4.56238	
-5.93567	
-8.31604	
-11.0168	
-12.3749	
-11.8561	
-9.8877	
-8.0719	
-7.08008	
-7.37	
-7.82776	
-7.75146	
-6.27136	
-3.78418	
-0.518799	
2.74658	
5.15747	
6.45447	
6.80542	
6.19507	
4.86755	
3.37219	
2.86865	
3.44849	
4.66919	
4.71497	
3.15857	
0.610352	
-1.75476	
-3.38745	
-4.86755	
-5.98145	
-6.14929	
-5.59998	
-4.50134	
-3.5553	
-3.69263	
-5.05066	
-6.92749	
-8.37708	
-8.5144	
-7.90405	
-7.0343	
-6.40869	
-6.30188	
-5.88989	
-5.0354	
-4.56238	
-4.63867	
-5.26428	
-6.13403	
-6.48499	
-5.82886	
-4.88281	
-3.9978	
-3.17383	
-2.80762	
-3.64685	
-5.12695	
-6.04248	
-6.01196	
-4.54712	
-2.09045	
-0.259399	
0.549316	
-0.366211	
-1.8158	
-2.7771	
-2.39563	
-0.793457	
0.457764	
0.991821	
0.808716	
-0.320435	
-1.297	
-2.15149	
-1.90735	
-1.31226	
-1.00708	
-1.34277	
-1.9989	
-2.7771	
-3.63159	
-4.50134	
-5.26428	
-6.16455	
-6.46973	
-6.68335	
-7.30896	
-8.48389	
-9.42993	
-9.64355	
-9.14001	
-8.69751	
-8.80432	
-9.90295	
-10.6354	
-10.8337	
-10.2081	
-9.32312	
-8.39233	
-7.41577	
-6.11877	
-4.50134	
-2.73132	
-0.595093	
1.08337	
1.25122	
0.793457	
-0.900269	
-2.80762	
-3.75366	
-4.36401	
-5.32532	
-5.82886	
-6.04248	
-5.58472	
-5.05066	
-4.82178	
-4.74548	
-4.22668	
-3.54004	
-2.70081	
-1.8158	
-0.976562	
0.62561	
2.04468	
2.97546	
3.52478	
3.09753	
2.16675	
1.34277	
1.17493	
0.823975	
1.20544	
1.25122	
1.12915	
1.06812	
1.19019	
1.23596	
1.297	
1.09863	
0.915527	
0.823975	
1.37329	
2.27356	
3.17383	
4.13513	
5.43213	
6.073	
6.60706	
6.57654	
6.83594	
6.72913	
6.2561	
5.17273	
3.70789	
2.18201	
1.14441	
0.976562	
1.19019	
1.57166	
2.44141	
3.78418	
5.09644	
5.96619	
6.30188	
5.82886	
5.11169	
3.84521	
2.28882	
0.915527	
0.50354	
1.35803	
2.16675	
2.27356	
2.02942	
0.62561	
-0.137329	
0.0610352	
0.88501	
2.54822	
4.13513	
5.14221	
6.02722	
5.95093	
4.76074	
2.2583	
-0.488281	
-3.15857	
-4.44031	
-4.28772	
-3.46375	
-3.02124	
-3.23486	
-3.49426	
-2.89917	
-1.84631	
-0.427246	
0.457764	
0.900269	
1.78528	
1.67847	
1.11389	
-1.02234	
-4.18091	
-6.92749	
-8.42285	
-8.48389	
-7.56836	
-5.98145	
-3.67737	
-1.09863	
0.610352	
1.28174	
0.167847	
-2.31934	
-4.28772	
-5.43213	
-5.78308	
-5.15747	
-4.60815	
-4.48608	
-4.68445	
-4.92859	
-5.00488	
-4.98962	
-4.776	
-4.05884	
-3.25012	
-2.86865	
-3.00598	
-3.79944	
